	Nombre	PJ	Minutos	Goles	Asistencias	Remates	Pases	% Pases	Faltas Recibidas	Faltas Cometidas	Tarjetas Amarillas	Tarjetas Rojas
0	Ter Stegen	5.0	450.0	0.0	0.0	0.0	105.0	83.83714285714287	0.0	0.0	0.0	0.0
1	Cillesen	0.0	0.0	0.0	0.0	0.0	0.0		0.0	0.0	0.0	0.0
2	Semedo	3.0	180.0	0.0	0.0	0.0	167.0	95.20119760479042	4.0	1.0	1.0	0.0
3	Pique	5.0	450.0	1.0	0.0	8.0	421.0	93.58361045130644	2.0	2.0	2.0	0.0
4	Lenglet	2.0	61.0	0.0	0.0	0.0	34.0	97.05	1.0	2.0	0.0	1.0
5	Jordi Alba	5.0	450.0	1.0	1.0	4.0	348.0	89.08103448275864	2.0	2.0	0.0	0.0
6	Umtiti	5.0	379.0	0.0	1.0	1.0	272.0	94.50441176470588	3.0	2.0	1.0	0.0
7	Vermaelen	0.0	0.0	0.0	0.0	0.0	0.0		0.0	0.0	0.0	0.0
8	Rakitic	5.0	373.0	1.0	1.0	6.0	423.0	91.02907801418436	4.0	5.0	0.0	0.0
9	Busquets	5.0	373.0	0.0	0.0	1.0	340.0	89.15	12.0	3.0	0.0	0.0
10	Denis Suarez	0.0	0.0	0.0	0.0	0.0	0.0		0.0	0.0	0.0	0.0
11	Coutinho	5.0	296.0	1.0	1.0	15.0	269.0	88.84758364312268	7.0	3.0	0.0	0.0
12	Arthur	3.0	86.0	0.0	1.0	2.0	95.0	94.71368421052631	1.0	3.0	1.0	0.0
13	Rafinha	1.0	56.0	0.0	0.0	0.0	43.0	93.0	3.0	0.0	0.0	0.0
14	Samper	0.0	0.0	0.0	0.0	0.0	0.0		0.0	0.0	0.0	0.0
15	S. Roberto	4.0	360.0	0.0	1.0	2.0	280.0	91.10642857142858	4.0	4.0	0.0	0.0
16	Arturo Vidal	5.0	112.0	0.0	1.0	2.0	113.0	90.26902654867256	0.0	1.0	1.0	0.0
17	Aleña	0.0	0.0	0.0	0.0	0.0	0.0		0.0	0.0	0.0	0.0
18	Luis Suarez	5.0	450.0	3.0	2.0	19.0	138.0	73.91449275362316	9.0	4.0	0.0	0.0
19	Messi	5.0	450.0	5.0	2.0	24.0	371.0	82.75498652291105	9.0	5.0	0.0	0.0
20	Dembele	5.0	362.0	3.0	0.0	14.0	201.0	81.60895522388059	8.0	3.0	0.0	0.0
21	Malcom	1.0	7.0	0.0	0.0	1.0	2.0	100.0	0.0	0.0	0.0	0.0
22	Munir	1.0	0.0	0.0	0.0	0.0	1.0	100.0	0.0	0.0	0.0	0.0
