	Nombre	PJ	Minutos	Goles	Asistencias	Remates	Pases	% Pases	Faltas Recibidas	Faltas Cometidas	Tarjetas Amarillas	Tarjetas Rojas
0	Ter Stegen	5.0	450.0	0.0	0.0	0.0	109.0	83.51467889908257	0.0	1.0	1.0	0.0
1	Cillesen											
2	Semedo	3.0	180.0	0.0	0.0	0.0	150.0		4.0	1.0	0.0	0.0
3	Pique	5.0	450.0	1.0	0.0	8.0	407.0	93.36633906633908	1.0	1.0	1.0	0.0
4	Lenglet	2.0	116.0	0.0	0.0	1.0	85.0		1.0	3.0	1.0	0.0
5	Jordi Alba	5.0	450.0	1.0	1.0	6.0	373.0	88.46997319034854	2.0	4.0	0.0	0.0
6	Umtiti	4.0	334.0	0.0	1.0	0.0	242.0		3.0	2.0	1.0	0.0
7	Vermaelen											
8	Rakitic	5.0	385.0	1.0	1.0	6.0	444.0	91.00225225225223	4.0	5.0	0.0	0.0
9	Busquets	5.0	373.0	0.0	0.0	0.0	304.0	87.18355263157896	12.0	3.0	1.0	0.0
10	Denis Suarez											
11	Coutinho	5.0	301.0	1.0	1.0	12.0	276.0	89.49275362318843	6.0	3.0	0.0	0.0
12	Arthur	3.0	81.0	0.0	1.0	0.0	96.0		3.0	1.0	0.0	0.0
13	Rafinha	2.0	101.0	0.0	0.0	1.0	81.0		4.0	1.0	0.0	0.0
14	Samper											
15	S. Roberto	4.0	360.0	0.0	1.0	2.0	280.0		4.0	4.0	0.0	0.0
16	Arturo Vidal	5.0	60.0	0.0	0.0	2.0	55.0	90.8890909090909	0.0	1.0	1.0	0.0
17	Aleña											
18	Luis Suarez	5.0	450.0	3.0	2.0	17.0	141.0	73.06595744680851	6.0	5.0	0.0	0.0
19	Messi	5.0	450.0	4.0	3.0	23.0	363.0	83.19917355371902	10.0	5.0	0.0	0.0
20	Dembele	5.0	402.0	4.0	0.0	15.0	223.0	82.52735426008968	12.0	3.0	0.0	0.0
21	Malcom	1.0	7.0	0.0	0.0	1.0	2.0		0.0	0.0	0.0	0.0
22	Munir	1.0	0.0	0.0	0.0	0.0	1.0		0.0	0.0	0.0	0.0
